%% Do not use to RUN %%
%% Data dc1
OUTPID1=[	
0
19.10828
53.50319
80.25478
87.89809
84.07643
80.25478
80.25478
76.43312
76.43312
80.25478
80.25478
84.07643
76.43312
76.43312
84.07643
80.25478
80.25478
76.43312
80.25478
80.25478
84.07643
76.43312
80.25478
80.25478
84.07643
76.43312
76.43312
84.07643
84.07643
76.43312
76.43312
80.25478
84.07643
80.25478
76.43312
80.25478
80.25478
84.07643
76.43312
80.25478
80.25478
80.25478
80.25478
80.25478
80.25478
80.25478
80.25478
76.43312
80.25478
84.07643
80.25478
76.43312
80.25478
80.25478
84.07643
76.43312
80.25478
80.25478
80.25478
80.25478
80.25478
80.25478
80.25478
76.43312
80.25478
84.07643
80.25478
76.43312
80.25478
80.25478
80.25478
84.07643
76.43312
76.43312
84.07643
80.25478
80.25478
76.43312
84.07643
80.25478
80.25478
76.43312
80.25478
80.25478
84.07643
76.43312
80.25478
80.25478
80.25478
80.25478
80.25478
80.25478
80.25478
80.25478
76.43312
80.25478
80.25478
84.07643
76.43312
80.25478
80.25478
84.07643
76.43312
76.43312
84.07643
80.25478
80.25478
76.43312
84.07643
80.25478
76.43312
80.25478
80.25478
84.07643
80.25478
76.43312
76.43312
84.07643
80.25478
80.25478
76.43312
84.07643
80.25478
80.25478
76.43312
80.25478
84.07643
80.25478
76.43312
80.25478
80.25478
80.25478
80.25478
80.25478
80.25478
80.25478
80.25478
76.43312
84.07643
80.25478
80.25478
76.43312
80.25478
80.25478
80.25478
80.25478
80.25478
80.25478
80.25478
80.25478
80.25478
80.25478
80.25478
80.25478
76.43312
80.25478
80.25478
84.07643
76.43312
80.25478
80.25478
80.25478
80.25478
80.25478
80.25478
80.25478
80.25478
76.43312
80.25478
84.07643
80.25478
76.43312
80.25478
80.25478
80.25478
80.25478
80.25478
80.25478
80.25478
80.25478
64.96816
42.03822
30.57325
38.21656
45.85988
45.85988
42.03822
38.21656
42.03822
45.85988
38.21656
38.21656
42.03822
42.03822
38.21656
42.03822
38.21656
42.03822
38.21656
38.21656
42.03822
42.03822
38.21656
42.03822
38.21656
42.03822
38.21656
38.21656
42.03822
42.03822
38.21656
38.21656
42.03822
42.03822
38.21656
38.21656
38.21656
42.03822
42.03822
38.21656
38.21656
45.85988
38.21656
38.21656
38.21656
38.21656
45.85988
38.21656
38.21656
42.03822
42.03822
38.21656
38.21656
38.21656
42.03822
42.03822
38.21656
42.03822
38.21656
42.03822
38.21656
38.21656
42.03822
38.21656
42.03822
38.21656
42.03822
42.03822
34.39491
42.03822
42.03822
38.21656
42.03822
38.21656
38.21656
42.03822
42.03822
38.21656
38.21656
38.21656
45.85988
38.21656
38.21656
42.03822
38.21656
42.03822
38.21656
38.21656
42.03822
42.03822
38.21656
42.03822
38.21656
38.21656
42.03822
38.21656
42.03822
38.21656
42.03822
38.21656
38.21656
45.85988
38.21656
38.21656
38.21656
42.03822
42.03822
38.21656
38.21656
42.03822
38.21656
42.03822
38.21656
38.21656
45.85988
38.21656
38.21656
38.21656
42.03822
42.03822
38.21656
38.21656
42.03822
42.03822
38.21656
38.21656
38.21656
42.03822
42.03822
38.21656
42.03822
38.21656
42.03822
38.21656
38.21656
42.03822
38.21656
42.03822
38.21656
42.03822
42.03822
34.39491
42.03822
42.03822
38.21656
42.03822
38.21656
38.21656
42.03822
42.03822
38.21656
38.21656
38.21656
45.85988
38.21656
38.21656
42.03822
38.21656
42.03822
38.21656
38.21656
42.03822
42.03822
38.21656
38.21656
42.03822
42.03822
38.21656
38.21656
42.03822
38.21656
42.03822
38.21656
38.21656
45.85988
38.21656
38.21656
38.21656
42.03822
];
%% Data dc2
OUTPID2=[	
0
19.10828
57.32484
76.43312
91.71975
80.25478
76.43312
72.61147
76.43312
80.25478
84.07643
80.25478
84.07643
76.43312
84.07643
76.43312
80.25478
80.25478
76.43312
80.25478
80.25478
80.25478
80.25478
80.25478
80.25478
76.43312
80.25478
80.25478
84.07643
76.43312
80.25478
80.25478
80.25478
80.25478
84.07643
76.43312
80.25478
80.25478
80.25478
80.25478
76.43312
84.07643
76.43312
80.25478
80.25478
80.25478
80.25478
80.25478
80.25478
80.25478
80.25478
80.25478
80.25478
76.43312
84.07643
76.43312
80.25478
80.25478
84.07643
76.43312
80.25478
80.25478
80.25478
80.25478
76.43312
84.07643
84.07643
76.43312
76.43312
84.07643
80.25478
80.25478
76.43312
84.07643
76.43312
84.07643
76.43312
80.25478
80.25478
80.25478
80.25478
80.25478
80.25478
76.43312
84.07643
80.25478
80.25478
76.43312
84.07643
76.43312
80.25478
80.25478
80.25478
80.25478
76.43312
84.07643
80.25478
80.25478
84.07643
76.43312
80.25478
80.25478
80.25478
80.25478
80.25478
80.25478
80.25478
80.25478
80.25478
80.25478
76.43312
80.25478
80.25478
84.07643
80.25478
80.25478
76.43312
76.43312
84.07643
80.25478
80.25478
76.43312
80.25478
80.25478
76.43312
80.25478
80.25478
84.07643
80.25478
80.25478
80.25478
80.25478
80.25478
80.25478
80.25478
80.25478
76.43312
80.25478
80.25478
80.25478
80.25478
76.43312
80.25478
80.25478
84.07643
80.25478
80.25478
84.07643
76.43312
80.25478
80.25478
84.07643
76.43312
76.43312
84.07643
76.43312
84.07643
76.43312
84.07643
76.43312
80.25478
80.25478
80.25478
80.25478
80.25478
80.25478
80.25478
80.25478
76.43312
84.07643
80.25478
80.25478
76.43312
80.25478
80.25478
80.25478
80.25478
80.25478
80.25478
76.43312
84.07643
68.78981
38.21656
38.21656
38.21656
45.85988
42.03822
42.03822
38.21656
38.21656
42.03822
42.03822
38.21656
42.03822
42.03822
38.21656
38.21656
42.03822
42.03822
42.03822
38.21656
42.03822
42.03822
34.39491
42.03822
38.21656
42.03822
38.21656
38.21656
42.03822
42.03822
38.21656
38.21656
42.03822
42.03822
38.21656
38.21656
42.03822
42.03822
38.21656
42.03822
38.21656
42.03822
38.21656
38.21656
38.21656
38.21656
45.85988
38.21656
38.21656
42.03822
42.03822
38.21656
38.21656
38.21656
45.85988
38.21656
38.21656
42.03822
38.21656
42.03822
38.21656
38.21656
45.85988
38.21656
38.21656
42.03822
38.21656
42.03822
38.21656
38.21656
42.03822
38.21656
42.03822
38.21656
38.21656
42.03822
42.03822
38.21656
38.21656
42.03822
42.03822
42.03822
34.39491
42.03822
42.03822
38.21656
38.21656
38.21656
45.85988
38.21656
38.21656
38.21656
42.03822
42.03822
38.21656
38.21656
45.85988
38.21656
38.21656
38.21656
42.03822
42.03822
38.21656
38.21656
38.21656
42.03822
42.03822
38.21656
38.21656
45.85988
38.21656
38.21656
42.03822
38.21656
42.03822
38.21656
38.21656
38.21656
42.03822
42.03822
38.21656
38.21656
45.85988
38.21656
38.21656
38.21656
38.21656
45.85988
42.03822
38.21656
38.21656
38.21656
42.03822
38.21656
38.21656
42.03822
42.03822
38.21656
42.03822
42.03822
38.21656
38.21656
38.21656
42.03822
38.21656
42.03822
38.21656
38.21656
42.03822
42.03822
38.21656
38.21656
42.03822
42.03822
42.03822
34.39491
42.03822
42.03822
38.21656
38.21656
38.21656
45.85988
38.21656
38.21656
42.03822
42.03822
38.21656
38.21656
38.21656
42.03822
42.03822
38.21656
38.21656
38.21656
45.85988
38.21656
38.21656
38.21656
42.03822
];